<?xml version="1.0"?>
<opencv_storage>
<avgTrainImg type_id="opencv-hist">
  <type>0</type>
  <is_uniform>1</is_uniform>
  <have_ranges>1</have_ranges>
  <mat type_id="opencv-nd-matrix">
    <sizes>
      90</sizes>
    <dt>f</dt>
    <data>
      6197. 1189. 244. 106. 117. 152. 97. 279. 32. 27. 845. 55. 104. 16.
      2. 2666. 10. 49. 112. 105. 188. 40. 271. 10. 18. 724. 33. 18. 7.
      0. 642. 1. 21. 21. 37. 68. 26. 1154. 14. 29. 153. 145. 54. 20. 0.
      1083. 23. 83. 217. 303. 676. 1087. 857. 266. 299. 854. 256. 598.
      52. 9. 1501. 31. 128. 580. 319. 578. 1631. 2983. 1911. 1714. 2549.
      1579. 1015. 542. 282. 1234. 178. 169. 142. 196. 196. 112. 653.
      104. 117. 150. 130. 166. 164. 285.</data></mat>
  <thresh>
    0. 180.</thresh></avgTrainImg>
</opencv_storage>
